4
12
22
19
25
9
8
21
25
10
26
20
17
22
14
5
10
25
6
7
9
1
14
30
9
3
13
19
1
10
9
28
1
16
26
23
17
20
29
10
19
27
28
12
4
30
11
4
2
22
12
30
12
12
31
23
7
13
27
13
11
16
1
6
26
15
20
17
25
12
22
5
10
3
11
17
31
30
13
6
24
15
24
7
9
11
15
22
4
14
30
12
10
8
9
2
5
1
28
10
15
21
23
19
21
12
18
20
22
17
13
7
3
27
17
6
6
25
16
26
13
3
17
1
18
8
6
11
1
18
22
21
24
14
24
20
9
20
9
18
17
5
18
13
26
15
4
10
20
31
8
27
26
23
19
6
16
5
19
11
29
4
10
5
27
16
3
11
2
24
24
3
5
4
23
29
18
19
25
23
6
16
2
12
30
1
5
12
9
2
18
9
12
20
11
1
7
2
14
27
17
5
8
14
15
28
19
5
4
12
6
3
20
11
7
9
4
27
5
7
11
26
23
9
28
20
15
15
25
12
12
11
20
31
26
30
16
23
18
20
21
13
31
29
22
24
24
11
6
27
2
26
12
11
22
18
30
25
17
11
16
12
26
22
8
11
3
16
7
6
30
9
25
30
11
23
27
15
22
22
30
7
21
1
28
5
5
22
26
30
5
29
2
13
23
4
27
7
6
28
21
24
9
16
3
24
17
20
8
7
19
5
18
16
9
19
8
28
30
5
19
1
1
21
19
21
19
21
21
17
25
11
17
1
7
1
10
9
6
31
5
4
14
25
28
3
10
24
19
16
5
12
25
13
8
15
10
27
27
15
9
20
26
19
29
14
6
26
27
8
21
5
24
2
7
6
26
2
25
18
9
29
14
8
2
25
6
5
15
14
23
28
30
14
5
19
14
16
15
13
6
13
27
13
9
20
9
11
26
9
18
24
13
12
25
11
29
12
19
21
12
30
11
22
19
15
16
23
16
30
14
4
21
9
28
17
8
4
15
14
20
16
16
11
25
30
18
25
16
12
26
25
6
13
2
1
15
29
12
7
2
24
24
1
27
15
3
28
18
17
23
17
20
26
27
7
17
29
3
21
13
7
26
25
4
20
13
29
22
11
17
10
11
12
18
12
28
24
9
21
20
20
21
25
15
14
22
20
20
23
23
15
18
3
18
9
10
7
4
9
16
7
12
28
27
14
9
18
1
30
15
8
8
11
24
8
23
23
19
5
25
9
2
3
16
25
13
10
16
19
29
20
23
7
3
4
21
25
20
30
30
17
18
13
25
26
8
13
15
27
2
16
3
5
8
30
24
5
12
23
25
17
20
1
25
12
5
8
4
17
4
27
6
13
29
25
15
23
1
1
24
18
9
17
11
13
4
21
15
19
4
30
8
23
9
27
2
12
10
28
7
23
18
7
18
26
10
11
8
11
5
29
30
11
5
13
12
8
13
2
13
16
19
23
20
12
18
30
23
15
15
21
20
12
20
7
13
22
10
17
19
1
9
11
13
19
22
27
11
13
14
2
11
28
2
25
22
21
23
2
31
16
19
16
19
14
5
24
4
2
11
23
30
2
3
11
11
28
22
22
28
14
3
4
29
8
4
31
22
5
24
7
14
26
25
26
10
1
3
25
27
10
9
20
3
24
20
23
4
25
15
1
16
12
28
18
15
10
5
26
14
5
4
12
28
1
12
13
1
12
28
29
21
28
13
28
27
24
25
25
1
10
9
4
2
27
15
30
23
14
8
11
23
16
6
23
28
17
23
13
29
26
13
12
26
25
17
25
30
5
8
20
20
28
15
28
23
18
25
11
10
13
9
29
11
5
28
26
4
25
6
30
28
3
11
8
26
4
22
24
9
11
28
2
31
3
6
17
1
27
2
22
13
23
27
25
11
24
27
6
11
2
3
26
25
15
19
20
31
11
5
2
21
21
31
13
25
19
3
4
14
10
9
11
22
15
28
9
12
23
22
7
18
15
7
24
29
23
15
6
7
4
16
20
16
11
30
5
3
20
14
10
24
7
27
15
20
7
30
27
10
28
20
26
10
17
6
1
21
1
7
29
31
25
19
23
12
16
18
20
5
4
8
17
29
1
11
18
25
25
18
27
10
28
30
6
18
21
27
11
4
26
8
4
18
9
21
10
19
29
18
12
21
17
4
3
16
23
27
13
30
3
17
21
19
4
9
29
28
22
18
21
1
9
23
9
12
10
27
10
22
20
7
26
28
2
4
7
1
1
8
18
21
14
5
31
22
7
26
22