23
31
25
28
08
18
27
02
21
05
05
01
16
04
15
22
04
12
26
11
06
16
29
13
01
06
07
15
06
14
12
29
16
03
27
10
23
17
12
31
23
02
20
22
19
23
08
26
23
26
23
15
16
27
15
20
24
26
21
05
10
25
04
09
16
10
24
05
31
25
16
08
18
15
11
07
24
09
15
22
17
16
24
05
30
10
10
08
27
27
29
16
22
25
11
04
19
20
04
02
13
25
19
27
23
24
14
05
25
18
05
22
03
27
13
10
20
26
23
13
04
09
08
04
15
04
04
24
25
13
08
18
26
08
28
23
09
19
27
09
09
17
23
06
15
01
21
01
07
24
20
02
08
10
09
25
07
27
06
17
25
22
15
27
03
30
27
23
08
28
05
01
02
28
15
18
13
10
29
23
31
30
29
08
20
01
05
08
23
23
07
07
17
07
21
20
03
30
23
04
12
21
16
12
03
29
15
11
27
21
09
31
02
22
31
04
26
09
06
20
01
22
26
25
20
22
10
07
08
12
06
17
18
18
02
21
02
21
10
24
23
27
02
17
16
24
28
19
19
12
21
28
08
15
04
11
08
08
29
04
06
12
14
06
22
02
25
22
15
20
20
24
01
26
27
10
10
22
08
10
15
27
08
28
18
15
18
17
02
07
30
03
17
14
14
25
25
02
22
08
07
02
09
24
11
20
16
16
21
03
27
29
10
14
06
01
11
05
18
13
16
24
29
15
14
23
07
22
29
23
24
30
19
14
13
12
13
10
23
20
09
20
20
28
13
28
21
10
24
05
06
19
19
02
16
23
01
05
10
17
09
24
05
21
12
12
02
31
07
29
11
01
09
14
26
31
27
22
23
31
01
24
10
25
21
22
17
19
11
26
22
19
09
11
31
05
08
21
23
15
27
22
23
22
25
10
04
26
16
22
21
08
13
04
10
24
05
04
18
20
10
14
06
07
28
11
19
06
03
16
01
21
22
24
09
20
30
23
22
23
01
02
13
14
30
22
17
06
07
26
23
02
24
03
10
24
14
21
02
12
19
11
02
08
26
03
09
02
15
01
10
01
09
30
03
03
01
22
21
03
07
30
29
07
17
22
13
11
06
02
13
10
07
25
18
04
28
22
26
18
28
09
01
05
01
18
02
13
09
24
04
02
28
16
22
09
15
23
05
05
24
05
30
24
24
27
21
07
11
06
29
22
04
14
09
25
18
16
04
21
05
09
18
09
22
14
29
27
18
17
19
27
28
25
03
10
25
25
29
26
14
20
11
14
04
28
16
09
07
06
23
28
11
13
18
21
06
21
10
13
28
25
22
20
02
07
27
09
17
27
07
23
17
07
13
19
21
04
07
01
04
02
01
21
15
16
17
18
10
31
07
13
24
14
25
24
26
10
04
13
27
18
09
03
16
02
25
04
15
02
16
25
24
02
02
04
30
08
12
22
05
12
20
28
25
22
16
09
02
20
11
26
21
13
30
03
05
06
17
12
07
04
28
16
15
05
23
24
23
19
10
26
13
10
03
15
08
30
11
17
16
22
22
11
26
12
14
25
28
01
01
06
06
01
29
20
15
08
06
24
23
30
30
30
09
16
19
13
25
05
07
11
14
07
27
30
17
08
06
03
14
31
27
07
16
11
26
07
12
04
15
15
03
23
01
05
10
13
11
04
03
09
21
10
17
09
28
01
02
01
26
03
26
19
01
01
23
17
27
20
24
21
23
14
02
17
03
29
08
21
10
26
06
07
12
02
17
17
09
14
27
18
24
12
06
09
07
25
27
26
10
08
18
14
09
16
23
21
19
07
21
15
30
23
06
19
17
03
26
07
25
31
02
28
24
23
21
02
22
04
23
07
20
08
12
23
12
11
12
01
10
11
23
17
20
19
26
22
22
26
19
27
21
28
08
22
13
12
22
04
27
03
06
12
04
14
11
05
21
31
17
16
12
15
08
22
21
16
18
23
23
10
01
01
28
29
02
07
13
22
23
01
17
06
30
27
26
27
16
28
13
11
25
29
21
24
19
16
20
07
01
07
05
22
29
17
29
27
06
01
02
30
07
12
27
17
02
13
23
21
16
08
26
07
05
26
11
14
20
17
06
21
01
25
04
03
30
22
13
03
29
24
04
15
19
25
30
26
28
08
01
22
09
04
19
28
08
24
08
27
29
09
09
12
30
26
27
11
05
20
22
31
01
04
17
21
12
05
02
06
07
01
18
12
25
31
02
11
02
07
11
27
20
13
30
13
09
16
15
04