12
10
15
7
14
12
15
18
12
7
8
12
3
14
22
14
6
4
17
20
11
14
13
12
4
13
21
0
20
4
16
2
11
2
8
17
5
6
0
1
11
5
8
13
1
0
5
0
10
0
2
8
5
16
14
17
20
5
2
14
0
8
15
12
17
23
23
14
6
18
14
14
22
19
4
22
19
20
23
19
0
12
18
8
16
15
10
8
14
21
20
8
17
2
18
8
15
20
15
20
19
0
17
10
19
6
1
9
7
1
1
16
19
13
5
13
7
5
19
12
23
7
19
20
6
19
5
10
14
18
0
11
1
5
18
5
13
13
19
2
2
4
5
14
0
16
11
3
10
17
22
23
20
16
13
7
9
11
8
3
22
21
22
3
12
23
14
19
17
16
21
8
9
10
3
3
19
3
19
5
1
16
22
19
3
11
14
1
17
11
18
12
6
19
20
17
1
0
20
9
21
11
18
4
10
5
20
16
22
5
4
5
22
23
6
11
10
10
13
21
21
17
17
20
15
11
8
7
7
4
5
17
22
21
2
14
9
1
12
8
9
12
0
5
20
13
2
16
6
15
14
13
15
13
15
20
2
5
3
12
0
1
7
21
9
12
11
4
12
23
23
22
23
10
23
22
13
16
6
0
1
0
15
10
20
14
7
21
0
6
13
13
17
22
19
22
15
5
5
15
6
3
8
19
2
22
11
1
9
13
11
4
22
7
6
21
1
18
2
2
16
2
9
19
11
1
16
17
10
12
10
17
13
4
1
5
4
4
5
22
7
11
9
14
17
15
7
21
14
5
3
5
21
1
19
3
15
21
22
19
4
13
5
0
15
10
14
5
7
15
22
21
19
1
17
12
3
9
20
19
12
22
18
19
14
1
13
13
21
10
4
11
2
19
19
21
6
14
3
14
1
10
22
12
22
22
10
13
17
16
2
7
12
5
3
8
12
1
3
16
7
20
20
21
18
6
18
11
5
8
12
23
0
2
15
14
12
16
0
17
13
13
19
22
13
14
10
2
20
1
12
19
23
6
6
2
15
2
8
15
9
17
9
0
11
20
2
19
20
11
2
5
2
18
11
17
17
6
17
7
16
21
13
19
0
17
9
13
1
17
20
6
10
14
18
5
2
5
5
0
16
8
9
1
3
13
11
2
4
23
18
16
21
9
3
19
11
12
3
5
13
21
6
12
18
19
7
14
9
5
4
6
4
18
15
19
5
12
16
8
10
14
9
14
2
8
14
1
20
19
19
18
17
13
3
7
10
3
9
1
20
22
22
6
22
6
23
20
8
7
3
8
22
10
0
18
5
10
19
6
21
4
8
2
1
17
10
10
4
22
12
0
2
9
14
22
11
10
20
3
20
6
1
11
23
1
12
23
1
7
7
16
17
2
12
14
4
8
7
1
7
14
14
17
11
13
4
13
12
3
7
3
9
12
20
14
4
2
23
10
22
14
1
2
6
21
19
10
6
22
9
9
20
0
7
9
7
17
1
18
3
17
10
5
15
23
1
15
7
3
17
21
20
1
0
14
5
19
19
16
18
1
0
16
17
18
21
4
2
19
17
18
17
18
14
22
11
15
21
2
19
8
13
23
10
21
0
17
21
20
12
12
18
7
15
0
14
22
12
7
14
9
5
10
12
14
19
2
11
18
9
16
6
22
5
10
18
18
21
10
16
13
14
13
3
6
11
18
12
11
10
21
5
20
9
12
14
22
5
2
22
8
13
2
19
16
2
2
9
2
4
19
15
8
9
23
12
0
11
4
18
3
4
23
21
22
21
18
12
18
1
2
8
0
3
18
10
2
4
15
9
7
8
10
18
4
11
13
8
21
11
13
3
4
6
5
17
2
0
21
0
4
13
16
20
0
3
1
4
4
16
5
7
15
9
23
8
19
12
11
23
14
11
16
15
19
7
3
17
5
14
10
7
18
3
17
3
11
10
22
21
10
19
21
19
14
20
5
2
0
19
4
20
11
12
18
15
12
2
19
9
21
21
4
11
0
21
21
3
11
22
2
22
3
12
23
19
21
3
3
5
13
7
17
13
13
9
6
19
14
5
19
1
22
18
20
22
1
21
9
9
2
12
4
2
12
12
6
6
11
13
14
17
15
17
8
16
11
5
5
14
9
10
18
17
13
19
23
9
21
3
22
1
16
23
10
15
12
10
20
11
14
2
3
2
8
21
20
9
9
0
1
4
20
18
14
21
21
13
3
20
11
6
7
7
16
21
8
19
20
11
18
0
15
22
17
21
15
3
12