14
11
18
03
10
01
06
18
23
00
11
22
16
09
13
03
01
14
08
07
22
12
02
23
05
17
22
13
21
03
19
14
18
01
05
01
12
08
13
00
18
23
02
10
02
09
01
06
12
00
22
15
19
20
18
14
05
15
05
11
02
00
05
23
17
15
23
07
13
20
09
08
00
03
06
17
10
07
09
06
16
13
16
20
11
03
14
11
08
05
19
08
16
22
15
02
19
15
12
01
04
09
07
13
23
17
15
07
14
02
05
19
20
21
02
04
02
15
16
00
08
02
12
01
06
21
00
18
17
08
23
18
06
09
19
13
10
16
11
15
19
08
15
15
17
18
13
02
07
06
22
18
02
23
13
01
07
11
00
02
17
14
03
13
00
12
15
23
14
21
14
19
22
13
09
07
05
06
15
05
14
20
06
17
22
20
14
09
09
02
23
00
06
12
10
15
06
13
10
07
18
11
10
23
16
07
08
12
02
18
05
22
03
04
06
22
03
02
06
13
01
07
07
09
16
22
03
08
23
20
09
05
08
05
17
04
07
07
13
19
05
00
19
11
06
11
05
16
22
16
16
19
22
08
23
03
18
03
08
16
08
21
14
20
00
09
06
12
01
12
16
22
22
05
07
15
17
14
15
15
10
18
15
14
09
15
14
15
13
21
15
23
08
09
10
00
02
17
07
22
21
03
22
06
05
00
05
12
14
17
04
09
01
05
07
09
07
12
17
11
02
22
20
06
08
23
14
05
16
19
14
23
17
19
13
05
01
02
02
16
18
14
22
07
01
00
10
10
06
20
22
01
09
08
06
06
04
09
22
00
03
10
20
09
11
05
15
19
05
14
20
19
18
03
05
04
02
07
12
14
21
14
01
10
07
23
03
03
01
23
18
22
09
01
06
09
20
13
11
12
08
18
15
07
06
04
05
11
17
13
21
16
23
02
00
08
13
05
01
12
04
02
07
15
01
09
05
16
08
07
03
21
05
21
12
09
17
09
05
17
22
23
01
05
01
11
17
13
01
12
05
00
16
16
11
10
17
00
23
06
08
13
00
12
11
09
07
12
01
05
00
05
20
19
15
18
22
22
09
09
22
00
11
06
05
21
07
09
23
19
12
08
19
05
03
23
22
21
17
00
18
01
15
11
13
04
11
09
14
20
08
22
16
06
21
14
18
15
04
09
03
03
06
08
05
15
22
10
01
23
22
15
13
09
14
17
01
11
05
16
21
19
05
02
06
17
10
00
02
21
04
19
19
14
18
12
15
20
18
23
18
05
00
16
10
14
13
07
12
05
20
04
20
20
23
14
00
01
06
09
21
01
18
21
15
08
10
23
02
03
21
09
09
04
13
02
17
14
18
12
06
15
17
13
10
04
20
16
15
03
08
17
17
09
17
10
13
13
17
15
10
19
16
06
17
22
02
13
15
16
18
23
17
02
12
16
16
13
04
18
04
18
01
09
05
23
03
15
19
14
07
03
22
10
00
23
19
08
14
00
16
04
13
11
06
19
22
14
00
16
06
15
07
06
21
16
06
02
15
08
08
17
08
03
11
22
21
03
05
02
17
09
02
03
06
22
10
06
13
08
08
14
21
05
22
16
12
19
22
05
02
19
00
01
06
17
20
12
23
01
05
22
20
23
08
04
14
23
20
14
14
11
17
02
18
12
12
21
19
23
04
18
07
00
22
12
03
02
22
09
09
16
01
12
13
07
01
08
14
00
13
21
19
07
12
07
19
20
02
10
16
23
18
12
00
01
07
10
22
15
10
09
05
22
21
15
21
17
17
23
23
06
14
01
14
04
04
15
06
19
12
22
01
16
07
18
01
21
01
08
10
07
15
18
07
21
12
17
21
08
12
16
06
18
08
11
15
13
22
13
17
00
04
07
12
12
01
14
23
14
11
18
08
21
17
21
00
12
10
12
10
10
07
14
14
12
19
19
18
00
03
09
20
09
13
21
01
00
00
15
22
10
23
23
19
08
23
17
18
19
19
21
23
06
05
22
20
05
02
14
04
06
01
13
19
00
11
06
12
20
20
10
14
03
16
19
15
10
02
06
11
15
10
20
23
03
14
13
23
13
15
09
16
03
02
23
22
00
02
15
01
06
03
06
00
09
21
06
19
18
15
15
09
00
19
12
07
20
10
11
22
18
10
16
15
05
19
05
01
14
06
05
12
07
22
00
11
16
08
10
01
14
23
02
07
18
23
15
10
11
19
12
02
10
20
01
19
15
00
09
17
08
10
22
07
07
23
07
12
08