36
1
47
15
52
44
22
28
43
16
26
5
14
2
58
7
50
50
50
52
12
8
44
19
49
43
3
1
52
31
19
17
50
50
2
58
19
15
1
17
19
55
6
59
33
43
18
59
6
21
46
30
28
3
20
55
5
41
40
15
52
3
37
15
52
17
12
55
33
36
22
52
36
49
47
8
51
2
56
6
42
18
5
51
52
3
22
37
16
38
7
12
3
55
15
42
41
34
42
43
45
5
53
2
8
37
42
21
36
19
15
26
20
32
40
31
18
25
32
17
26
45
27
47
34
14
53
0
51
44
23
36
25
55
1
26
45
5
4
5
13
23
42
29
20
58
5
9
56
20
47
14
46
35
26
8
11
12
42
31
3
16
42
47
3
47
59
48
30
47
15
38
28
39
30
34
58
30
30
3
33
22
1
13
12
59
20
15
43
14
16
41
10
45
32
42
28
16
7
55
55
55
26
50
45
52
19
50
4
47
57
57
30
11
47
49
29
46
2
39
49
35
27
22
3
18
42
23
5
9
45
41
32
11
49
26
11
42
29
55
37
24
1
46
46
36
19
0
31
39
57
17
52
3
40
45
22
30
20
48
36
39
57
7
31
41
52
18
15
31
12
23
45
26
23
4
9
29
30
57
43
36
31
50
55
58
44
9
1
45
11
57
27
32
47
9
45
58
8
23
46
10
45
56
22
51
56
14
38
30
40
39
45
8
47
1
37
13
7
58
14
57
0
36
30
10
40
51
1
21
28
36
18
35
6
25
6
45
52
49
27
41
22
30
57
48
54
10
44
27
52
42
12
14
53
34
7
47
24
40
50
16
4
27
52
51
34
1
46
9
41
35
33
32
20
5
50
20
54
13
3
0
59
28
49
18
22
55
56
10
4
26
11
34
47
40
15
44
3
52
17
29
54
28
33
50
25
35
56
17
54
45
1
55
28
55
35
56
25
49
42
36
47
46
10
22
13
29
38
15
45
32
59
40
48
31
23
26
41
50
15
25
19
38
7
27
5
11
39
37
50
34
2
21
51
34
3
9
3
59
11
20
45
19
7
19
8
44
57
13
24
3
15
44
10
44
47
40
53
26
14
58
28
36
44
55
53
41
52
49
18
43
35
44
8
5
58
6
29
26
45
42
16
50
21
51
57
57
52
1
39
58
35
26
52
55
30
54
33
49
2
41
57
40
0
55
4
30
29
34
4
45
48
29
43
52
14
0
36
49
49
5
47
40
2
2
16
27
46
21
11
54
48
58
2
47
28
28
38
10
12
49
13
7
9
19
8
34
43
11
12
8
49
58
42
58
32
58
57
13
11
54
42
16
4
55
6
58
45
33
12
44
34
51
17
16
15
37
11
31
21
52
55
30
47
22
24
59
35
27
59
33
37
20
46
12
8
2
45
50
37
51
9
26
36
4
8
35
5
35
34
7
35
22
28
21
55
10
32
39
25
18
5
12
55
11
46
2
15
19
16
20
44
37
58
27
21
6
46
5
39
11
47
55
10
57
33
14
7
40
7
12
40
28
8
34
3
27
58
57
51
56
15
34
12
9
6
1
55
27
34
29
15
32
5
2
16
29
54
17
54
39
19
6
26
27
43
31
57
43
45
23
14
3
2
15
9
6
54
27
37
6
3
35
50
34
25
47
10
8
33
18
17
7
36
46
49
24
12
52
10
27
9
23
21
15
42
37
22
44
43
52
40
50
30
51
24
42
4
43
3
42
8
19
44
18
18
12
4
13
19
42
20
19
54
12
48
44
9
3
20
5
19
15
45
6
1
57
4
46
26
13
29
30
5
1
9
40
17
0
53
53
48
27
31
3
37
49
12
24
45
27
3
43
19
27
43
0
47
57
23
40
7
32
43
28
54
47
46
5
57
9
14
22
38
40
9
42
26
26
21
23
19
25
52
45
43
17
47
33
17
57
0
8
47
8
35
27
29
46
33
42
53
52
43
36
51
30
9
21
27
51
18
41
3
6
10
44
50
0
44
30
23
25
25
38
22
50
48
36
0
43
14
30
9
46
40
6
31
9
16
56
4
14
59
42
10
51
43
39
47
18
52
57
57
39
20
52
29
24
16
10
32
10
17
31
55
57
52
3
19
0
14
40
11
54
2
2
0
34
0
20
22
3
36
58
39
0
42
28
31
19
41
0
15
36
16
0
36
15
53
7
16
0
40
27
7
23
22
21
38
42
53
26
37
5
58
17
3
45
55
41
49
41
29
29
35
7
53
36
57
28
13
12
54
6
34
19
29
21