09
07
11
35
40
35
27
44
03
20
28
25
26
51
20
21
54
27
54
58
47
40
03
07
13
20
17
11
59
18
32
03
29
48
32
48
17
02
20
57
24
17
40
25
05
33
47
32
19
26
24
17
17
33
49
35
00
49
46
47
41
48
55
38
12
14
20
18
03
37
31
24
33
16
52
24
49
40
14
44
18
01
26
11
28
55
55
20
59
20
22
06
01
02
54
34
09
23
14
26
58
37
03
09
39
07
25
12
39
10
14
22
37
20
48
03
24
28
36
56
22
30
39
23
03
40
21
34
34
10
47
45
54
28
27
24
13
42
22
33
48
15
30
16
19
32
07
53
28
52
04
46
51
58
56
37
18
45
46
20
22
39
07
20
32
08
12
17
21
11
45
31
11
26
44
38
32
40
59
07
41
33
39
29
48
28
45
57
48
18
21
47
58
13
54
52
24
19
40
38
10
25
57
01
07
54
08
20
31
34
15
56
03
04
20
25
41
05
41
38
27
34
30
21
11
02
20
34
36
16
16
39
48
14
44
08
23
04
44
49
04
47
27
20
55
49
42
53
54
57
16
05
01
50
39
26
45
33
32
26
14
52
13
38
27
28
40
54
18
13
14
05
53
16
39
38
10
46
30
55
37
39
57
31
31
00
52
05
59
48
56
37
46
36
15
28
40
27
58
57
40
48
35
07
33
25
41
04
10
34
39
56
35
32
33
44
31
12
56
06
17
33
46
11
24
30
07
39
27
42
10
27
58
04
07
50
44
28
05
48
27
44
19
55
42
44
31
17
31
40
29
33
44
40
24
56
10
00
56
08
15
44
53
42
51
08
01
24
06
49
13
35
35
48
37
19
39
44
07
33
53
20
45
14
32
26
23
52
54
54
40
27
21
52
45
42
56
01
48
12
02
40
13
22
02
23
31
14
08
48
44
03
07
17
47
10
17
06
20
06
17
47
01
15
55
20
06
19
49
36
48
38
43
20
17
32
30
54
52
37
48
47
25
30
42
21
41
46
00
31
12
26
34
37
08
41
33
00
27
14
27
11
33
51
15
21
14
42
05
46
49
07
32
52
05
39
15
48
34
09
15
06
31
24
53
17
08
38
17
50
55
01
58
01
31
46
25
47
19
52
28
48
50
28
04
34
35
51
50
44
48
58
24
18
15
18
10
14
05
42
46
01
33
04
40
15
06
38
01
24
56
33
14
44
32
32
24
08
59
36
49
59
43
43
57
23
53
02
01
55
36
13
01
13
47
54
38
19
25
34
34
20
48
56
19
43
19
29
41
25
31
50
24
09
05
39
22
20
43
34
13
50
20
03
18
58
06
37
45
47
44
49
22
12
36
57
10
55
12
01
50
30
17
21
02
31
05
29
45
48
02
04
23
06
38
30
30
42
27
03
17
17
54
48
13
08
27
57
50
56
24
42
15
49
47
35
52
38
23
46
26
24
59
05
42
59
50
51
09
46
13
51
26
56
40
34
54
10
51
59
41
48
10
36
26
49
35
13
50
40
44
43
39
52
31
17
57
14
55
28
06
38
10
43
22
56
20
36
43
14
10
17
32
21
50
57
27
14
46
59
26
02
02
22
36
07
10
33
11
12
20
49
54
48
47
31
57
06
21
30
29
48
48
22
35
56
54
42
18
32
05
47
44
12
54
13
36
13
37
10
14
42
56
37
37
17
31
44
47
09
12
08
39
31
58
16
27
24
27
36
33
46
17
31
57
01
07
46
44
17
13
23
32
08
58
43
13
39
03
53
27
50
20
31
57
59
26
02
06
41
42
46
19
18
32
30
39
13
32
19
32
40
20
22
18
52
59
00
41
46
30
49
17
39
59
48
22
57
04
27
13
27
12
22
59
14
57
07
27
51
49
05
54
31
15
41
09
08
21
24
12
21
49
44
52
02
47
29
27
51
29
44
18
16
10
53
25
06
36
07
54
11
34
23
19
50
02
44
12
09
04
28
04
01
27
53
03
32
43
11
25
04
59
35
00
49
24
48
31
32
34
00
42
00
34
11
00
39
03
56
17
13
13
22
19
08
13
34
14
45
37
46
00
36
51
12
03
38
12
17
47
46
55
00
57
30
14
18
42
12
10
37
53
13
22
43
58
42
24
59
19
54
20
27
34
41
50
54
29
47
41
33
43
34
30
53
26
43
17
26
12
03
38
41
10
07
43
03
48
51
01
57
37
22
04
20
16
35
43
10
37
43
54
55
51
41
16
19
58
40
36
23
18
16
06
44
25
47
15
31