57
28
35
37
5
21
10
52
29
39
36
45
2
35
15
46
10
43
21
12
2
18
44
58
8
28
32
34
23
38
34
47
3
6
55
31
30
11
41
21
59
49
5
16
6
12
56
59
39
14
56
21
42
32
0
16
29
4
6
3
25
47
34
1
32
59
44
2
27
39
13
50
36
16
23
39
41
54
48
26
40
42
30
19
54
46
15
4
47
58
16
16
46
29
35
47
14
6
0
5
5
7
2
23
52
36
22
14
42
50
13
7
28
36
35
4
1
51
23
0
45
42
6
4
19
1
37
35
46
31
18
17
33
15
27
48
19
38
57
27
51
49
56
48
32
29
13
29
21
34
55
8
38
14
8
50
15
32
21
20
54
34
21
9
25
3
47
23
40
27
46
31
20
0
43
56
24
57
1
29
50
42
5
40
16
38
50
53
6
32
56
24
12
20
29
22
28
48
37
56
51
35
34
28
13
58
48
11
56
41
58
40
16
7
13
56
43
44
37
10
10
36
12
7
44
10
51
47
31
34
31
4
24
56
27
34
29
7
58
43
52
45
40
33
54
36
31
13
34
52
50
6
42
6
48
7
48
1
9
40
32
53
55
40
14
18
1
50
4
51
0
34
22
52
36
56
55
52
4
2
24
28
32
25
37
36
46
41
14
42
13
58
53
35
19
24
2
18
7
11
32
6
39
20
8
6
57
46
46
13
35
7
5
12
21
5
21
26
39
48
2
21
28
15
13
15
24
11
56
27
12
23
18
56
15
4
50
30
43
46
42
14
31
40
50
53
5
46
35
51
34
45
43
25
36
44
5
59
33
1
45
55
19
33
3
35
49
38
3
32
11
3
1
58
25
59
36
10
23
46
0
41
30
29
51
55
49
45
29
13
23
8
28
17
12
42
34
49
59
19
55
17
54
55
58
58
5
10
47
4
47
6
59
12
44
4
40
45
59
22
40
23
45
55
38
20
42
4
40
36
54
14
33
0
4
15
41
34
15
52
51
18
50
40
44
38
45
42
55
33
16
42
46
33
28
29
50
57
51
28
55
31
7
26
42
0
26
5
40
29
45
4
44
3
15
28
41
36
32
44
29
40
51
6
46
47
40
32
16
21
9
48
57
6
14
59
44
5
27
28
11
45
24
49
0
5
17
25
28
38
22
43
52
1
0
49
49
17
22
7
59
16
55
35
30
23
2
17
20
47
19
17
16
37
58
3
40
10
8
47
48
18
26
14
6
39
35
47
2
51
42
41
25
58
8
50
44
32
36
36
49
21
58
33
0
51
19
11
42
50
41
23
58
21
48
36
36
27
2
13
41
32
53
4
40
15
51
19
51
15
20
54
42
1
23
33
21
33
3
38
15
24
47
58
41
4
22
2
22
32
49
57
28
16
39
16
41
14
34
50
12
42
17
56
52
26
48
32
13
46
6
22
6
6
13
50
1
49
49
59
59
48
26
29
4
38
28
25
27
8
51
31
36
25
45
45
8
33
28
28
7
32
45
57
41
19
22
49
25
13
36
4
12
14
7
59
29
30
39
4
21
56
19
48
28
54
30
3
50
50
26
49
16
49
1
31
35
56
29
32
39
42
53
13
51
21
15
58
54
34
4
22
11
15
39
16
3
0
31
1
46
37
35
17
11
46
59
30
56
32
3
43
28
52
37
25
38
57
11
21
1
8
25
8
3
58
13
7
56
4
7
39
23
45
39
28
31
23
41
43
8
59
50
18
38
8
3
10
20
46
9
25
36
55
42
15
0
50
8
49
45
48
37
54
14
39
56
58
16
16
25
26
22
21
47
29
55
44
38
30
7
11
12
10
12
40
33
39
36
1
49
1
59
8
42
14
55
22
39
9
59
46
33
21
28
55
22
9
37
24
6
27
56
44
27
2
41
49
28
52
53
28
9
10
23
33
30
0
39
28
31
54
23
57
26
52
11
59
47
32
34
31
16
22
1
4
51
30
52
58
16
13
57
40
47
5
45
28
18
51
39
40
57
3
51
15
15
36
5
58
31
0
17
51
36
57
47
21
30
54
56
28
17
49
13
3
46
46
29
25
13
47
16
52
1
33
39
32
5
20
50
12
56
21
56
19
58
50
59
28
15
42
33
22
33
49
42
27
38
24
12
58
37
17
47
47
30
58
43
49
24
55
5
3
11
9
45
1
58
14
9
10
27
42
54
29
24
27
31
45
30
27
6
53
27
6
56
42
33
5
40
53
53
1
47
10
55
9
41
5
23
59
28
31
16
36
32
41
4
16