57
09
39
58
36
14
29
40
52
50
26
52
49
49
02
23
03
00
10
51
49
31
02
43
25
32
49
18
45
22
46
13
12
18
30
22
58
07
46
12
43
21
12
58
38
46
27
22
31
16
29
47
22
04
09
37
17
50
20
38
17
17
18
39
55
17
37
52
03
13
23
02
57
31
37
49
30
10
33
24
53
22
58
14
56
04
23
29
32
10
49
07
25
18
31
19
42
36
13
21
09
04
08
13
37
39
20
20
48
06
35
08
07
53
12
59
57
13
52
56
05
07
59
34
20
37
43
09
55
29
30
49
58
52
09
06
00
47
32
05
05
20
43
08
45
41
31
37
37
48
46
37
59
20
42
14
18
37
56
39
16
13
14
38
30
46
47
43
38
10
32
25
36
10
34
45
48
35
33
46
09
36
36
26
09
19
40
22
11
02
58
07
19
41
53
59
35
19
18
42
00
19
59
04
19
07
25
02
05
53
32
56
54
41
29
44
15
50
15
12
38
25
51
00
26
54
50
21
59
45
01
48
14
27
07
55
28
53
37
39
39
15
50
59
55
14
11
48
53
07
43
38
13
44
29
21
30
15
14
22
04
37
38
43
58
51
43
49
53
17
00
38
28
56
24
52
03
17
39
43
04
45
12
50
15
14
19
14
31
42
48
02
39
39
21
19
21
29
02
59
28
09
43
03
06
19
47
19
37
28
36
28
19
13
45
09
51
14
18
57
02
29
18
35
39
00
25
41
15
32
45
49
56
08
03
42
43
52
38
54
39
16
46
23
30
09
15
31
11
10
02
45
43
37
39
33
46
30
10
33
42
27
38
45
15
09
56
26
54
32
42
57
05
37
22
27
00
55
38
14
21
07
31
25
16
09
47
41
13
01
13
03
01
58
58
57
18
34
32
51
59
40
11
03
59
51
19
16
08
08
34
07
00
15
48
02
35
54
08
56
53
32
01
27
39
41
26
19
47
01
00
33
26
12
39
31
58
09
57
00
11
12
08
33
04
18
59
45
16
52
29
21
29
43
01
12
54
38
22
04
54
29
39
50
04
08
32
27
10
03
03
49
12
14
27
53
17
42
55
26
12
21
23
13
09
02
53
40
07
42
18
08
02
05
23
09
09
24
56
57
46
52
44
13
45
44
09
51
17
02
08
33
36
56
48
42
29
10
49
35
14
39
25
18
41
10
43
00
10
56
58
19
32
13
38
29
00
03
11
57
00
41
41
38
43
48
34
33
17
17
11
58
25
20
45
41
56
54
28
01
38
31
44
18
58
59
29
56
06
36
12
28
51
49
55
13
50
20
25
39
42
47
02
01
26
01
38
03
55
17
31
07
48
02
47
59
35
25
44
27
33
21
27
01
59
49
18
12
10
37
58
19
04
29
03
14
00
59
01
57
23
37
29
15
31
31
27
47
33
40
40
17
13
15
43
37
08
51
52
10
20
37
39
18
00
15
07
45
21
14
54
10
43
00
47
39
13
15
26
04
32
01
33
27
05
05
48
08
33
25
31
20
35
53
12
04
59
58
55
09
47
36
26
15
22
06
30
23
35
04
53
17
49
04
32
51
07
31
25
19
05
26
43
08
11
29
02
39
16
54
35
40
35
06
26
59
52
32
47
41
06
59
46
42
36
39
34
28
00
59
15
37
52
39
10
16
30
02
56
19
58
15
48
11
05
09
25
58
31
42
16
00
57
15
11
52
10
18
31
31
01
35
22
00
53
36
32
37
32
57
49
48
41
45
34
19
29
18
04
12
04
39
13
38
06
51
18
50
08
56
01
17
38
31
08
00
06
08
31
07
29
49
34
45
09
29
44
29
07
01
13
50
34
47
26
15
58
48
32
25
15
41
22
02
13
49
16
48
31
10
15
58
20
16
04
53
53
40
12
31
47
33
43
51
32
11
30
55
01
49
10
32
58
12
17
11
48
33
54
14
23
14
07
40
33
02
19
03
56
08
08
33
30
27
06
07
46
18
03
36
57
59
22
09
35
48
26
21
42
09
40
53
48
37
14
15
16
41
06
35
37
56
46
08
58
33
29
06
40
38
03
07
44
16
06
39
51
01
02
42
04
11
18
05
49
25
56
24
13
16
21
25
53
48
06
23
28
38
13
53
20
27
00
42
24
09
58
33
31
24
48
57
56
36
53
49
16
57
19
19
56
29
18
44
39
51
10
32
21
43
41
19
50
55
24
13
48
08
54
55
40
06
06
32
21
30
20
17
46
59
32
37
41
13
18
05
58
32
24
58