37
20
84
72
72
51
69
57
72
91
22
04
50
62
17
12
70
49
70
96
50
95
47
11
13
64
95
85
17
60
58
97
26
62
85
65
53
97
23
74
19
99
95
76
93
69
35
31
06
56
15
49
90
76
37
50
74
26
42
70
07
07
55
17
91
11
45
29
81
59
98
17
13
59
31
81
18
19
23
55
34
66
10
55
14
59
58
36
91
92
27
48
45
16
58
24
82
41
01
74
35
11
19
24
95
53
35
84
11
21
88
44
58
29
80
72
00
17
77
64
28
96
59
54
80
72
49
63
00
70
97
04
10
40
30
98
21
92
29
70
05
11
04
06
02
74
04
63
30
68
98
82
06
97
05
34
96
09
26
11
58
16
94
80
06
58
45
43
29
43
36
54
32
36
18
05
41
42
67
78
74
20
70
70
32
51
92
82
94
63
39
11
06
37
61
66
30
59
65
04
30
43
08
58
92
70
58
18
20
16
59
56
19
41
27
05
68
64
75
44
26
59
34
37
70
47
36
49
05
37
97
63
31
35
30
22
48
26
33
84
65
08
71
38
19
61
04
02
53
67
44
38
58
19
08
62
23
85
13
62
09
19
63
34
73
98
51
62
97
40
37
87
68
46
14
68
36
90
67
05
02
53
46
33
36
75
27
91
60
12
86
73
10
45
22
82
50
71
70
24
25
01
37
34
26
70
61
93
88
03
41
06
38
99
01
69
02
07
28
91
89
93
50
89
79
91
91
58
47
60
80
95
69
10
10
52
19
96
93
55
00
08
67
62
31
48
52
16
27
03
64
10
83
01
00
98
57
29
53
55
40
38
01
61
75
84
63
44
31
31
46
35
56
97
15
64
17
03
72
08
79
18
88
75
11
79
09
66
04
99
13
21
71
10
46
22
91
35
79
37
70
82
97
69
71
47
36
85
68
69
56
58
05
16
95
14
12
25
71
04
02
01
04
84
11
77
86
28
19
69
35
87
93
49
67
40
18
35
00
51
64
02
91
78
63
55
04
26
96
53
61
82
97
04
22
16
34
72
64
92
39
91
37
02
82
67
61
68
31
48
03
37
72
29
46
03
48
19
06
97
41
74
70
82
91
31
34
32
61
18
04
36
66
08
37
02
18
55
94
22
48
38
46
94
50
18
63
21
17
88
25
21
01
38
82
88
51
39
19
90
74
34
77
43
12
85
34
18
43
98
19
30
29
41
38
71
57
00
53
01
81
46
72
69
30
92
30
29
66
61
21
88
30
68
27
16
87
31
87
16
56
28
85
58
69
08
49
57
12
91
18
37
66
53
75
81
10
96
40
12
38
71
64
28
88
27
10
11
02
14
92
79
70
27
17
01
56
34
72
98
03
24
66
19
74
40
57
90
04
34
12
61
29
38
38
80
88
69
16
98
31
27
27
90
40
73
04
90
35
88
97
36
11
39
34
18
71
57
25
82
56
57
50
29
21
57
99
97
75
57
32
08
00
11
98
51
69
58
27
11
23
88
45
53
92
66
95
61
89
16
17
00
51
50
85
65
11
39
06
90
24
11
07
10
77
80
07
36
27
14
30
24
95
25
32
37
10
02
65
49
99
00
72
34
74
51
67
25
73
94
92
21
04
29
67
39
99
23
68
33
67
52
03
10
14
77
91
62
58
48
78
19
64
19
23
62
20
49
54
71
22
67
02
19
09
48
95
11
43
75
62
07
88
56
90
46
91
44
05
02
37
14
39
20
87
71
50
73
70
70
87
45
99
90
16
78
35
99
68
91
44
14
00
26
81
99
49
82
65
20
80
21
80
92
65
16
09
31
13
86
20
37
10
00
95
66
73
22
66
72
45
72
77
72
17
53
48
77
50
41
96
91
37
63
61
35
21
90
21
68
28
49
67
22
98
14
63
12
87
77
30
07
37
27
81
72
75
76
86
09
22
57
89
71
57
90
46
58
96
85
78
74
86
77
37
37
88
90
24
88
82
72
65
08
95
47
33
05
80
85
21
16
55
10
12
15
06
29
46
87
20
05
24
56
02
16
61
15
98
12
78
51
10
93
05
08
76
31
69
33
81
33
57
93
53
64
83
22
48
42
73
88
11
71
76
82
46
56
16
97
15
60
89
69
65
31
55
16
64
55
80
69
64
91
21
88
08
57
09
29
58
09
25
89
49
02
92
63
84
22
88
48
06
39
10
63
97
32
54
21
54
84
82
15
83
72
51
27
26
56
70
91
36
82
67
78
19
51
43
52
85
91
29
99
58
35
19
02
87
99