2083
1992
1903
1982
2057
1952
1998
1980
2037
1956
1911
2070
1904
1980
1972
2099
1946
1965
1990
2084
1948
1948
2066
1900
1965
1992
1945
2083
2027
2060
2016
1903
1948
2066
1939
1968
2094
1984
1968
2056
1953
2001
1960
2097
2065
1914
2094
1931
1981
2066
2043
2008
1935
1968
1954
2014
2084
2041
1948
2044
1954
2053
1957
2014
1905
1907
1931
1960
2032
2098
2016
2095
1919
2063
1917
1904
1976
2056
1941
2085
1901
1934
1984
2014
1980
1967
2032
2049
2059
1947
2026
1943
1969
2070
2065
2004
2080
2025
1997
2036
2081
2061
1946
1988
2028
1948
2068
1968
1990
2023
2022
2007
1974
1914
1982
1936
1984
2062
2044
2044
1977
1995
1965
1904
2047
2087
1999
1932
2044
1913
1965
2053
1973
1928
1946
1958
1992
2075
1939
1961
1905
2099
1971
1934
2081
2071
1994
1907
1921
1903
2077
1975
1927
1909
2038
2028
2038
2004
1943
1984
1913
1946
2026
1987
1969
1951
2083
1951
1921
2071
2075
1908
1946
2076
2020
1993
1979
1986
2052
1952
2020
2066
2066
1963
1964
1987
2022
2087
2018
1934
2098
1926
2035
2070
1966
1914
2011
2043
2073
2012
1930
2038
1991
1961
1943
2055
2068
1908
2059
2020
1991
2076
1947
1937
2041
2030
2068
2020
1923
2013
2018
2034
2016
1977
1991
1906
1903
1984
2096
1953
2056
2085
1995
1968
2039
2029
1939
2070
1935
2071
1930
1922
2047
1982
2027
1927
1997
1950
1935
2008
2007
2081
1988
1996
1965
2060
1999
2014
1973
1979
2049
1987
2050
2093
2023
1971
1972
1945
1958
2066
2032
1901
1969
1964
1982
1906
2075
1971
1913
1988
1968
1909
2065
2035
2072
1991
2000
2010
1913
1984
1961
1964
1990
1995
1971
2052
2054
2064
1983
1912
1918
2013
2042
1927
2081
2064
1901
2032
2000
1910
1974
1951
2021
2000
1920
2002
1994
1925
2058
1997
2013
1946
1903
1996
2087
1988
1955
2012
1931
2098
2086
1982
2057
1928
1910
2024
2084
2051
2053
2073
2068
2027
2044
2001
2005
2041
2022
1938
2077
2098
2048
1979
1929
2031
1972
2063
2087
1990
1989
2017
2036
2091
1955
1969
1984
2086
1927
2092
2015
2003
1977
1933
1908
1959
1944
2094
1923
1935
2059
1904
2024
2058
1956
1965
1973
2046
1995
2062
2006
2094
2093
1990
2076
2078
2044
1925
1947
2000
1985
2042
2091
2093
2031
2079
2014
2058
2078
1989
2075
1918
2033
1946
2048
2051
1918
2087
1953
1979
1976
2043
1937
2055
2084
1988
2016
2078
2026
1949
1958
2052
2057
1948
1973
2073
1920
2077
2046
2066
2092
1974
1900
2014
2008
1957
2004
1914
2095
1973
1916
2055
2073
2082
2057
1980
2031
1976
2087
1994
2039
2057
1955
1933
2060
2046
1977
1903
2041
1994
1959
2016
1987
2003
2047
1993
1994
1977
2011
1991
2040
1922
1972
2086
2018
1903
2096
1904
2009
1991
2080
1982
1933
1920
2043
1949
2006
1902
1963
2036
1968
1973
2002
1963
1988
2019
1902
2031
2082
2080
1943
1959
2060
2051
2000
1924
1978
2052
1970
2053
2017
1991
1934
2073
2047
2071
2004
1985
1963
1972
2005
1928
1982
1990
2012
1937
1983
2027
1936
2090
1929
2056
2069
2068
2087
2092
2007
1910
1983
2048
2051
2071
1983
2033
1984
1937
2008
1903
2081
2002
1960
1901
2080
2050
1922
2013
2089
1969
2018
2037
1909
2053
1948
1931
1912
1987
2033
2030
1954
2069
1935
1999
2067
2029
1964
2049
1935
2072
2092
1947
2016
1902
1931
2064
1914
2090
2097
2030
1955
1908
1955
1936
2063
2067
2003
1917
1967
2005
1959
2055
1996
1968
2022
2040
1928
2002
2021
2030
1902
2052
1915
1949
1970
1979
2012
1950
1985
1965
1912
1990
2031
1991
2053
2089
2089
1947
1926
2062
2051
1924
1961
2043
1946
1923
1911
2011
1957
2087
2066
2052
2090
1910
1961
1951
2058
1963
1999
2080
1908
1990
1993
2076
1936
2003
2026
2083
2065
1913
1979
1937
1904
2026
2039
1975
2052
1989
1962
1975
1942
1923
1989
1912
1984
2065
1903
1922
1944
2071
1979
2087
1994
1973
2090
1952
2000
2015
2054
2007
1982
1934
2069
1968
1965
2032
2063
2011
1988
2004
1966
1930
2068
2087
1934
2055
2004
1903
2045
2050
1913
2015
1969
2086
2021
2011
1994
2038
1959
2061
2011
1995
1945
1995
2043
2033
1975
1975
2082
1901
2039
2042
2008
1921
2068
1963
1960
2058
1963
2013
1921
1960
2045
1954
2096
1904
2016
2072
1951
1920
2000
1939
2018
2061
2099
1941
1932
1966
2013
2092
2041
2012
2073
2039
2072
1936
2085
2056
1946
2074
1941
2002
2072
2012
1959
1961
1974
1903
1998
1962
2036
1963
2038
2091
1968
1969
2079
1986
2070
1945
1971
2065
1966
2051
1927
2025
1977
2088
1930
2021
1981
1920
1942
2020
2084
2061
2032
1970
2032
1966
1932
1988
2036
2068
2095
1961
1992
2000
1918
1997
2084
2045
1908
2000
1964
2097
2055
1938
1967
1938
1939
1936
1934
2094
1933
2072
1960
1965
2029
1940
2041
1961
2015
1925
1944
2073
2091
2037
1938
2079
1979
2091
1900
2013
1940
1903
1985
1999
1932
1940
1936
1988
1990
1919
1942
2086
1992
1984
1942
1934
2084
1915
1940
2092
2048
1984
1986
2085
1948
2071
1946
2000
2092
2064
1991
2098
1944
1955
1904
1996
2031
2087
1954
2058
1942
2065
1933
2037
2007
2072
1921
2003
2036
2028
1938
1986
1950
2006
2098
2020
1947
2017
1906
2093
2047
2037
1947
1909
1904
1962
1908
2056
2029
2087
1924
1906
1918
2005
1969
1961
1975
2059
1979
2030
1970
1920
1962
2032
1947
1971
2080
2085
2006
1992
1902
2079
1933
2064
2088
2003
1932
1978
1956
1998
2037
2029
1996
2043
1962
2094
1906
2099
2062
2001
1916
2029
2033
2082
1921
2029
2028
2047
2025
2042
2063
2055
1970
2018
2059
2084
2085
2086
1906
2033
2057
2071
1999
1968
1994
1949
2081
1995
1955
1951